{
 "cells": [
  {
   "cell_type": "markdown",
   "metadata": {},
   "source": [
    "# 实验3 K-L变换算法"
   ]
  },
  {
   "cell_type": "code",
   "execution_count": 1,
   "metadata": {},
   "outputs": [],
   "source": [
    "import numpy as np"
   ]
  },
  {
   "cell_type": "markdown",
   "metadata": {},
   "source": [
    "实验样本"
   ]
  },
  {
   "cell_type": "code",
   "execution_count": 2,
   "metadata": {},
   "outputs": [],
   "source": [
    "x = [-1, -5/-4, -4/-5, -5/-6, -6/-5, 1, 5/6, 6/5, 5/4, 4/5]\n",
    "n = 10"
   ]
  },
  {
   "cell_type": "markdown",
   "metadata": {},
   "source": [
    "## （1）计算样本向量的均值"
   ]
  },
  {
   "cell_type": "code",
   "execution_count": 3,
   "metadata": {},
   "outputs": [],
   "source": [
    "def get_u(x, n):\n",
    "    \"\"\"\n",
    "    计算样本向量的均值\n",
    "    x 样本向量/数组\n",
    "    n 样本个数/阶数\n",
    "    return 均值\n",
    "    \"\"\"\n",
    "    SUM = 0;\n",
    "    for i in range(n):\n",
    "        SUM += x[i]\n",
    "    return SUM/n"
   ]
  },
  {
   "cell_type": "code",
   "execution_count": 4,
   "metadata": {},
   "outputs": [
    {
     "name": "stdout",
     "output_type": "stream",
     "text": [
      "样本均值为： 0.8166666666666667\n"
     ]
    }
   ],
   "source": [
    "u = get_u(x, n)\n",
    "print(\"样本均值为：\", u)"
   ]
  },
  {
   "cell_type": "markdown",
   "metadata": {},
   "source": [
    "##       计算协方差矩阵"
   ]
  },
  {
   "cell_type": "code",
   "execution_count": 5,
   "metadata": {},
   "outputs": [],
   "source": [
    "def get_C(x, n, u):\n",
    "    \"\"\"\n",
    "    计算协方差矩阵\n",
    "    x 一维样本数组\n",
    "    n 一维样本个数/阶数\n",
    "    u 一维样本均值\n",
    "    return 协方差矩阵\n",
    "    \"\"\"\n",
    "    X = np.mat(np.zeros(n)).T\n",
    "    for i in range(n):\n",
    "        X[i, 0] = x[i]\n",
    "    return (X-u)*(X-u).T"
   ]
  },
  {
   "cell_type": "code",
   "execution_count": 6,
   "metadata": {},
   "outputs": [
    {
     "name": "stdout",
     "output_type": "stream",
     "text": [
      "协方差矩阵为：\n",
      " [[ 3.30027778e+00 -7.87222222e-01  3.02777778e-02 -3.02777778e-02\n",
      "  -6.96388889e-01 -3.33055556e-01 -3.02777778e-02 -6.96388889e-01\n",
      "  -7.87222222e-01  3.02777778e-02]\n",
      " [-7.87222222e-01  1.87777778e-01 -7.22222222e-03  7.22222222e-03\n",
      "   1.66111111e-01  7.94444444e-02  7.22222222e-03  1.66111111e-01\n",
      "   1.87777778e-01 -7.22222222e-03]\n",
      " [ 3.02777778e-02 -7.22222222e-03  2.77777778e-04 -2.77777778e-04\n",
      "  -6.38888889e-03 -3.05555556e-03 -2.77777778e-04 -6.38888889e-03\n",
      "  -7.22222222e-03  2.77777778e-04]\n",
      " [-3.02777778e-02  7.22222222e-03 -2.77777778e-04  2.77777778e-04\n",
      "   6.38888889e-03  3.05555556e-03  2.77777778e-04  6.38888889e-03\n",
      "   7.22222222e-03 -2.77777778e-04]\n",
      " [-6.96388889e-01  1.66111111e-01 -6.38888889e-03  6.38888889e-03\n",
      "   1.46944444e-01  7.02777778e-02  6.38888889e-03  1.46944444e-01\n",
      "   1.66111111e-01 -6.38888889e-03]\n",
      " [-3.33055556e-01  7.94444444e-02 -3.05555556e-03  3.05555556e-03\n",
      "   7.02777778e-02  3.36111111e-02  3.05555556e-03  7.02777778e-02\n",
      "   7.94444444e-02 -3.05555556e-03]\n",
      " [-3.02777778e-02  7.22222222e-03 -2.77777778e-04  2.77777778e-04\n",
      "   6.38888889e-03  3.05555556e-03  2.77777778e-04  6.38888889e-03\n",
      "   7.22222222e-03 -2.77777778e-04]\n",
      " [-6.96388889e-01  1.66111111e-01 -6.38888889e-03  6.38888889e-03\n",
      "   1.46944444e-01  7.02777778e-02  6.38888889e-03  1.46944444e-01\n",
      "   1.66111111e-01 -6.38888889e-03]\n",
      " [-7.87222222e-01  1.87777778e-01 -7.22222222e-03  7.22222222e-03\n",
      "   1.66111111e-01  7.94444444e-02  7.22222222e-03  1.66111111e-01\n",
      "   1.87777778e-01 -7.22222222e-03]\n",
      " [ 3.02777778e-02 -7.22222222e-03  2.77777778e-04 -2.77777778e-04\n",
      "  -6.38888889e-03 -3.05555556e-03 -2.77777778e-04 -6.38888889e-03\n",
      "  -7.22222222e-03  2.77777778e-04]]\n"
     ]
    }
   ],
   "source": [
    "C_x = get_C(x, n, u)\n",
    "print(\"协方差矩阵为：\\n\", C_x)"
   ]
  },
  {
   "cell_type": "markdown",
   "metadata": {},
   "source": [
    "## （2）计算特征值和特征向量"
   ]
  },
  {
   "cell_type": "code",
   "execution_count": 7,
   "metadata": {},
   "outputs": [
    {
     "name": "stdout",
     "output_type": "stream",
     "text": [
      "特征值为：\n",
      " [ 4.00444444e+00  2.22044605e-16  2.13802522e-17 -7.98128341e-18\n",
      "  5.04364970e-20  3.59315698e-20 -1.11742736e-32  8.08937917e-35\n",
      " -5.12762452e-35  2.51921617e-35] \n",
      "特征向量为：\n",
      " [[ 0.90782912  0.41934029 -0.06492992 -0.10078405 -0.00682117  0.00648967\n",
      "   0.00592208 -0.00374904  0.00153412 -0.00196687]\n",
      " [-0.2165464   0.46880094  0.22560864  0.24805126  0.00832318 -0.00796304\n",
      "  -0.00989729  0.00626559 -0.0025639   0.00328714]\n",
      " [ 0.00832871 -0.01803081  0.01339257 -0.01542253 -0.11103067 -0.2560575\n",
      "  -0.02086589  0.23679997 -0.64918283 -0.01995818]\n",
      " [-0.00832871  0.01803081  0.02597766 -0.10196501  0.69270522 -0.65584686\n",
      "  -0.70463322  0.386491   -0.15950932  0.8887841 ]\n",
      " [-0.19156027  0.41470853 -0.5416246  -0.32501522 -0.03292926  0.02098429\n",
      "   0.0220925   0.48753322  0.23554647  0.11849836]\n",
      " [-0.09161578  0.19833886  0.55277734 -0.79639469 -0.11536721  0.08688667\n",
      "  -0.01595744  0.01010203 -0.00413379  0.00529986]\n",
      " [-0.00832871  0.01803081  0.02597766 -0.10196501  0.69270522 -0.65584686\n",
      "  -0.70481576  0.50577613 -0.20560983 -0.42067086]\n",
      " [-0.19156027  0.41470853 -0.5416246  -0.32501522 -0.03292926  0.02098429\n",
      "   0.01039241 -0.50809814 -0.22713122 -0.12928741]\n",
      " [-0.2165464   0.46880094  0.22560864  0.24805126  0.00832318 -0.00796304\n",
      "   0.06487082 -0.04106718  0.01680485 -0.02154522]\n",
      " [ 0.00832871 -0.01803081  0.01339257 -0.01542253 -0.11103067 -0.2560575\n",
      "  -0.03315731 -0.20259999  0.63518807  0.03790064]]\n"
     ]
    }
   ],
   "source": [
    "eva, fec = np.linalg.eig(C_x)\n",
    "print(\"特征值为：\\n\", eva, \"\\n特征向量为：\\n\", fec)"
   ]
  },
  {
   "cell_type": "code",
   "execution_count": 8,
   "metadata": {},
   "outputs": [
    {
     "name": "stdout",
     "output_type": "stream",
     "text": [
      "上述特征值排序后的数组下标为： [3 6 8 9 7 5 4 2 1 0]\n"
     ]
    }
   ],
   "source": [
    "print(\"上述特征值排序后的数组下标为：\", np.argsort(eva))"
   ]
  },
  {
   "cell_type": "code",
   "execution_count": null,
   "metadata": {},
   "outputs": [],
   "source": []
  },
  {
   "cell_type": "code",
   "execution_count": null,
   "metadata": {},
   "outputs": [],
   "source": []
  }
 ],
 "metadata": {
  "kernelspec": {
   "display_name": "Python 3",
   "language": "python",
   "name": "python3"
  },
  "language_info": {
   "codemirror_mode": {
    "name": "ipython",
    "version": 3
   },
   "file_extension": ".py",
   "mimetype": "text/x-python",
   "name": "python",
   "nbconvert_exporter": "python",
   "pygments_lexer": "ipython3",
   "version": "3.7.1"
  }
 },
 "nbformat": 4,
 "nbformat_minor": 2
}
